Gear_Ratio = 1;
J = 9.31e-4;
D = 1.5e-3;
Kt= 0.00767;
Kb = 0.00767;
R= 2.6;
L =0.001;
%%%

D = 6.356810279549663e-05
J = 0.275994337376770
Kb =  0.436686431181152
Kt =  0.436686431181152
L = 0.001374322640776;
R = 0.280494711434256;


    D = 0.10692
    J = 0.054058
    Kb = 0.68378
    Kt = 4.1772
    L = 0.00026447
    R = 0.067034